92.78614 23.37173 -4.985156 83.6259 22.0246 8.55586 192.25253
89.89413 22.10895 -0.3439763 83.6259 22.0246 5.80926 179.99659
268.2058 -17.51408 -178.1914 273.995 -14.0224 6.57403 209.45413
237.4672 47.02807 -127.8324 299.563 35.2018 46.96431 136.7363
246.7379 53.55223 -134.9886 308.121 40.9674 42.07754 143.44898
300.133 34.92791 -170.8968 308.121 40.9674 8.7193 217.09366
89.07539 16.99251 -6.465967 83.6259 22.0246 7.18898 141.17445
348.8666 38.30133 173.3286 83.6259 22.0246 80.09199 206.9838
289.0341 10.91844 -154.3295 299.563 35.2018 26.1018 224.49059
299.7077 35.10452 -153.501 308.121 40.9674 8.83999 197.53681
136.3512 26.46742 -13.73081 83.6259 22.0246 47.95383 187.12154
136.1499 26.3336 -13.25947 83.6259 22.0246 47.79019 186.60064
351.264 58.62231 172.7118 83.6259 22.0246 72.5262 201.10965
135.1393 -40.50897 -25.42093 83.6259 22.0246 78.7529 163.13865
13.07246 -25.61592 -139.6164 83.6259 22.0246 83.32896 167.96231
13.07351 -25.61162 -139.6129 83.6259 22.0246 83.32609 167.95887
13.08325 -25.62649 -139.6101 83.6259 22.0246 83.32542 167.9623
348.8586 21.22801 -171.1534 83.6259 22.0246 86.33255 193.3775
13.09342 -25.6492 -139.6122 83.6259 22.0246 83.32814 167.97165
13.09596 -25.65315 -139.6108 83.6259 22.0246 83.328 167.97188
13.09502 -25.61193 -139.5899 83.6259 22.0246 83.30917 167.94628
13.0958 -25.63757 -139.6036 83.6259 22.0246 83.32072 167.963
13.02484 -25.50519 -139.6088 83.6259 22.0246 83.31423 167.92036
13.11134 -25.70381 -139.6222 83.6259 22.0246 83.33987 167.99593
13.10839 -25.70501 -139.6244 83.6259 22.0246 83.34278 167.99682
32.40313 83.37389 118.4077 83.6259 22.0246 63.92841 205.16035
38.67271 84.00582 112.1508 83.6259 22.0246 63.80275 204.73133
102.7346 89.78329 48.0543 83.6259 22.0246 67.77065 202.80813
104.4234 89.78329 46.3606 83.6259 22.0246 67.77283 202.81059
141.403 53.66386 4.477661 83.6259 22.0246 53.48942 188.17034
71.57082 86.22312 79.29217 83.6259 22.0246 64.28419 203.11715
39.14912 84.01562 111.682 83.6259 22.0246 63.77334 204.70601
62.1022 85.7009 88.7682 83.6259 22.0246 63.98567 203.46983
28.36252 82.92982 122.4308 83.6259 22.0246 64.07658 205.46022
35.69701 83.73822 115.1136 83.6259 22.0246 63.8631 204.92912
35.56519 83.73822 115.2457 83.6259 22.0246 63.87414 204.93257
35.50156 83.73828 115.3091 83.6259 22.0246 63.87951 204.93458
299.8289 35.29284 -143.858 308.121 40.9674 8.63818 187.38524
351.1926 58.94235 175.8811 83.6259 22.0246 72.48578 197.90067
237.3169 70.03931 -84.7226 83.6259 22.0246 86.05525 199.04329
83.92689 -63.64212 -72.03717 83.6259 22.0246 85.66705 162.31699
11.79463 84.4082 145.3368 83.6259 22.0246 66.33512 198.74869
24.9483 82.84048 137.0269 83.6259 22.0246 64.39636 194.39236
3.484544 72.15612 171.2663 83.6259 22.0246 66.07116 186.4654
3.196862 72.48077 170.9688 83.6259 22.0246 66.17095 186.89487
3.197084 72.25546 171.0845 83.6259 22.0246 66.16268 186.87842
3.196703 72.2804 171.0833 83.6259 22.0246 66.16369 186.86897
3.169006 69.83549 171.1281 83.6259 22.0246 66.10893 187.93187
3.666478 83.32977 162.6701 83.6259 22.0246 66.96835 190.02779
359.8532 85.15378 166.4777 83.6259 22.0246 67.5325 189.27024
349.374 84.57414 177.011 83.6259 22.0246 68.48004 189.40041
223.4104 89.94766 -57.07227 83.6259 22.0246 68.01537 187.27412
224.4145 89.94766 -58.08943 83.6259 22.0246 68.01596 187.28746
281.2328 79.03167 -111.3493 83.6259 22.0246 78.46096 184.71903
326.6189 79.71919 -151.197 83.6259 22.0246 72.91117 181.41907
111.324 79.61961 60.26662 83.6259 22.0246 58.88484 179.51469
11.94332 84.88607 166.4693 83.6259 22.0246 66.45424 177.26581
24.57945 82.43945 155.458 83.6259 22.0246 64.24779 176.5076
284.096 -78.46912 106.1167 135.529 -40.5794 59.48061 136.51024
25.57583 83.02049 158.0354 83.6259 22.0246 64.41588 172.66774
323.8529 82.93291 -140.8878 83.6259 22.0246 71.60774 172.89613
10.42526 68.99899 -176.5644 83.6259 22.0246 63.50522 169.13424
140.3199 88.50237 51.06609 83.6259 22.0246 67.15866 161.72162
351.0446 58.94321 -149.4677 83.6259 22.0246 72.55971 163.37024
305.9269 34.07375 -112.7146 308.121 40.9674 7.10918 189.20653
305.9549 34.05327 -111.6632 308.121 40.9674 7.12373 188.35821
81.40172 22.00241 -174.1649 83.6259 22.0246 2.06213 175.19826
299.61 35.17181 -102.2973 308.121 40.9674 8.85121 145.722
26.21779 61.34491 -175.5644 83.6259 22.0246 55.35239 157.26106
166.2884 38.12983 1.985308 83.6259 22.0246 71.05412 164.44718
248.4391 -67.44847 33.92963 135.529 -40.5794 60.83221 182.82681
110.0017 -31.46611 -95.30978 83.6259 22.0246 59.16013 213.97287
80.04713 -63.38376 -124.8142 83.6259 22.0246 85.45491 211.48643
352.7096 71.25581 -135.3273 83.6259 22.0246 69.49118 143.58632
11.77749 84.86928 -154.7903 83.6259 22.0246 66.46378 138.6994
20.24358 76.32546 -161.2599 83.6259 22.0246 62.44734 140.45442
26.34839 61.73617 -162.102 83.6259 22.0246 55.41749 143.4141
81.70456 -65.37902 -138.8526 135.529 -40.5794 38.91026 151.40813
58.79387 9.786029 -164.8625 83.6259 22.0246 26.77142 195.05873
58.8016 9.78765 -165.246 83.6259 22.0246 26.76402 195.44574
15.93592 -71.85902 148.658 135.529 -40.5794 59.90826 171.0986
84.87675 -63.7863 -151.4869 135.529 -40.5794 37.22107 165.32528
169.9002 -60.43876 -69.81532 135.529 -40.5794 28.94261 222.19411
85.09552 -68.99731 -152.4316 135.529 -40.5794 38.67727 172.89641
85.02934 -69.43938 -153.5459 135.529 -40.5794 38.8554 174.45351
228.5855 -58.99042 -24.64495 201.381 -43.0259 23.10744 173.02952
267.9471 -31.53333 -1.018475 201.381 -43.0259 52.79606 213.65253
255.3815 -48.8749 -7.284796 201.381 -43.0259 37.19406 199.22749
182.6526 39.3621 77.62498 201.381 -43.0259 84.11473 206.0238
62.45531 16.99208 -170.9489 83.6259 22.0246 20.55902 188.51833
78.45178 -39.99728 173.8659 135.529 -40.5794 42.74817 166.05763
16.11524 -71.9902 105.4642 135.529 -40.5794 59.78116 214.5003
83.64976 -66.24076 173.3125 135.529 -40.5794 38.34685 202.30615
58.82232 9.797205 -174.6403 83.6259 22.0246 26.74156 204.84051
15.93124 -72.08345 101.3821 135.529 -40.5794 59.76452 218.47023
274.9781 -21.42143 2.042598 201.381 -43.0259 63.80788 216.55553
58.85334 9.812724 -177.8918 83.6259 22.0246 26.70734 208.09062
180.8303 44.58587 117.4042 244.985 -15.6358 83.69676 213.28083
237.4459 70.29715 60.14363 244.985 -15.6358 86.09414 217.13194
299.6526 35.19291 10.12038 244.985 -15.6358 72.55509 204.44318
289.1799 10.60152 15.77242 244.985 -15.6358 51.01851 194.50643
257.1764 -36.47564 -19.24813 244.985 -15.6358 23.4921 139.92294
288.8215 10.94007 16.9345 244.985 -15.6358 50.887 193.79291
299.4483 35.01371 15.55716 244.985 -15.6358 72.31574 199.10726
194.3708 -58.3715 -121.2044 201.381 -43.0259 15.9543 192.26346
186.658 -62.7282 -132.1968 201.381 -43.0259 21.49361 191.72736
186.6608 -62.54807 -133.3954 201.381 -43.0259 21.33789 192.69759
186.6554 -62.71024 -133.4907 201.381 -43.0259 21.47874 192.99319
140.5744 -63.25129 179.0696 186.7 -62.7822 20.48143 161.36644
112.4709 -26.02869 155.3817 135.529 -40.5794 24.02024 161.57019
257.9814 -24.36286 -7.018467 201.381 -43.0259 49.60472 223.75763
262.1414 -14.29731 9.146423 201.381 -43.0259 59.03382 212.78626
273.8933 -14.20711 11.04135 201.381 -43.0259 67.64009 210.0254
185.626 28.17611 138.3194 201.381 -43.0259 72.66112 143.68261
300.843 35.20814 27.19756 244.985 -15.6358 73.36874 186.51636
223.4052 39.02432 103.8312 201.381 -43.0259 84.44159 150.18081
185.6518 30.22063 140.391 201.381 -43.0259 74.65683 141.46803
299.6549 34.94263 31.23526 244.985 -15.6358 72.41477 183.26157
185.477 30.29176 141.563 201.381 -43.0259 74.75761 140.42048
308.1793 40.8039 27.6813 244.985 -15.6358 81.22224 181.89513
214.993 45.12377 118.0547 244.985 -15.6358 66.57854 183.58696
180.7838 44.57713 145.5465 244.985 -15.6358 83.72136 185.17379
299.7256 35.04855 41.77769 244.985 -15.6358 72.52248 172.69582
192.7819 41.1152 142.6219 244.985 -15.6358 74.48991 179.53607
166.2085 38.33242 158.4991 201.381 -43.0259 87.389 136.43332
211.4278 28.50642 132.1303 244.985 -15.6358 54.7901 178.52529
193.946 25.87544 144.8804 244.985 -15.6358 64.7105 181.03088
180.8535 44.51192 152.0504 244.985 -15.6358 83.64613 178.62461
184.808 47.28606 152.1202 244.985 -15.6358 82.71309 175.25973
299.9505 11.56815 40.30919 244.985 -15.6358 60.82045 165.12025
288.9307 10.81957 49.64795 244.985 -15.6358 50.91782 160.93018
181.86 63.27872 162.1703 288.806 10.967 87.6353 217.79322
165.2599 10.0807 158.2268 201.381 -43.0259 62.48565 140.84498
218.1789 56.84116 132.6968 244.985 -15.6358 75.8485 163.91068
299.6136 35.18595 56.10811 244.985 -15.6358 72.52489 158.48181
135.105 -45.51905 134.8605 186.7 -62.7822 33.53347 175.59119
203.9434 -34.24821 171.7025 244.985 -15.6358 41.23049 204.68681
170.4734 -60.47705 159.9749 186.7 -62.7822 8.02284 176.33548
193.1832 -29.07946 164.478 244.985 -15.6358 49.3506 199.59421
308.1212 40.94722 54.50616 244.985 -15.6358 81.25485 155.13084
80.62997 -72.01446 80.30416 255.971 -37.8484 70.08805 193.60738
134.8628 -46.01287 128.7551 186.7 -62.7822 33.26931 182.2057
214.297 44.96572 142.42 244.985 -15.6358 66.70507 159.93048
0.4609798 -15.46463 21.2246 270.297 -25.0725 83.65611 183.08294
308.3392 40.83725 61.20208 244.985 -15.6358 81.34397 148.26513
299.7961 35.1091 69.18102 244.985 -15.6358 72.60431 145.2574
308.3416 40.82404 62.15685 244.985 -15.6358 81.33906 147.3069
299.6253 35.18357 70.57986 244.985 -15.6358 72.53142 144.001
250.1295 -53.57897 -139.8516 255.971 -37.8484 16.23711 213.14796
170.5135 -60.40289 149.9975 186.7 -62.7822 8.03485 185.81033
299.8463 35.08683 71.19088 244.985 -15.6358 72.6256 143.20566
13.10668 84.87945 11.44618 288.806 10.967 78.56911 173.24282
299.6223 35.18132 87.70132 255.971 -37.8484 83.48528 149.02743
228.2952 -8.953067 160.6536 244.985 -15.6358 17.611 175.42403
288.9091 10.95326 108.5801 270.305 -25.7208 40.90234 135.38243
25.32558 -67.93489 3.228912 256.441 -36.4296 68.86286 224.5899
227.3288 -66.73719 -173.7896 255.971 -37.8484 33.13384 219.96343
289.0575 10.96253 113.3202 277.384 -23.7855 36.57426 138.57702
170.5777 -60.44414 133.2441 186.7 -62.7822 7.98909 202.79529
263.0398 -24.58143 178.836 270.297 -25.0725 6.60396 175.3805
299.2881 33.95027 93.92751 255.971 -37.8484 82.30451 142.93553
255.6794 -48.70851 -161.0029 270.297 -25.0725 26.26407 219.90047
266.7599 -32.08059 -170.0881 277.384 -23.7855 12.51289 208.9495
134.8162 -46.00228 98.75725 186.7 -62.7822 33.29852 212.19668
223.4412 39.05115 161.659 262.986 -24.7544 73.73907 145.37367
211.0972 54.19092 176.7032 268.357 -1.45608 72.7991 154.96684
299.9187 35.25193 105.7819 270.297 -25.0725 66.52064 135.00161
263.1152 -24.55242 178.358 270.297 -25.0725 6.53875 175.57793
262.9982 -33.67048 -173.9846 270.305 -25.7208 10.16578 223.50358
318.7972 38.74379 88.39414 270.297 -25.0725 78.29319 137.75397
299.9054 34.88204 111.1353 277.384 -23.7855 62.43493 135.57531
311.5042 31.06252 98.86141 277.384 -23.7855 63.84391 136.25958
17.28409 -71.18024 -24.41041 273.995 -14.0224 80.94372 221.44253
13.70858 -37.67735 -8.886557 270.297 -25.0725 84.67915 216.64931
250.3014 -53.54411 -175.0469 277.384 -23.7855 36.04993 219.9809
254.0124 39.42143 156.4558 273.995 -14.0224 56.59941 136.94387
237.5151 47.19114 169.0273 268.357 -1.45608 55.62372 139.35877

